[General]
bottomlat=37.49873
centerlat=37.55
centerlon=126.97
leftlon=126.8857
rightlon=127.0659
toplat=37.61803
